/usr/lib/jvm/java-1.11.0-openjdk-amd64/bin/java -javaagent:/home/ajw9001/idea-IU-182.4505.22/lib/idea_rt.jar=39513:/home/ajw9001/idea-IU-182.4505.22/bin -Dfile.encoding=UTF-8 -classpath /home/ajw9001/Documents/CS465/hashAttackExperiment/target/classes:/home/ajw9001/.m2/repository/org/apache/commons/commons-lang3/3.8.1/commons-lang3-3.8.1.jar Main
Average collision try for key length 8
17
Actual collision tries are:
3
27
35
9
11
34
24
14
20
25
42
9
36
6
9
4
35
10
11
22
11
5
8
4
20
10
17
7
5
16
24
7
14
13
21
30
22
35
20
31
14
9
7
11
16
25
23
17
17
14
Average preimage try for key length 8
258
Actual collision tries are:
5
85
160
541
53
197
201
288
364
427
45
68
763
287
91
32
248
259
2
289
185
187
1
244
1161
144
153
1129
75
187
470
86
212
223
327
44
9
307
384
373
276
281
593
46
240
68
454
328
283
31
Average collision try for key length 12
79
Actual collision tries are:
64
43
20
31
139
72
33
77
11
71
104
120
173
47
96
110
68
111
37
65
79
57
82
107
64
103
25
47
30
195
114
151
22
157
164
69
159
122
19
70
10
38
37
121
96
118
9
143
19
42
Average preimage try for key length 12
3844
Actual collision tries are:
11201
7503
117
5068
2683
391
3112
2125
1989
372
13952
6016
3128
2505
2632
8231
2473
1419
349
729
1770
5929
1583
359
84
849
5636
2377
6021
15867
4912
6025
2437
1618
998
313
7925
4287
1061
3667
8121
7090
461
6392
1571
4617
4006
3686
1608
4977
Average collision try for key length 16
306
Actual collision tries are:
537
245
351
384
602
117
116
142
103
194
328
474
462
323
37
169
282
497
264
331
598
246
515
362
202
249
470
310
355
207
395
533
492
117
365
215
516
295
118
167
345
307
133
162
317
410
114
479
147
241
Average preimage try for key length 16
50732
Actual collision tries are:
54027
40346
89591
93206
163457
7486
91802
214363
38843
37918
84547
4414
45230
33021
16175
17039
68184
27053
20907
69059
31242
102228
26526
111525
129993
30176
63733
1072
164104
7056
8936
4732
47689
231
12959
51085
37307
20020
15975
86333
5758
75809
26560
23982
29747
12303
74396
70117
316
48025
Average collision try for key length 20
1212
Actual collision tries are:
1157
990
1416
1047
593
2152
1088
723
1139
1238
2385
1898
887
400
711
1324
969
1331
1506
1539
829
1865
816
833
1232
1392
1204
1818
1034
1360
825
1412
798
2246
2179
606
1595
1569
1033
528
1410
852
309
1740
1184
1270
1368
790
924
1113
Average preimage try for key length 20
928022
Actual collision tries are:
209292
1070155
456111
1895360
1025418
1900104
583225
182128
228517
140774
781437
126827
1735565
935110
882910
196815
1066679
67250
294125
274807
3794924
1216855
116296
1058113
1584714
1377949
1025758
1545387
1546867
1323017
541572
424924
1634275
679460
436979
91239
1516020
364615
263222
165373
3132133
78644
5200313
241109
699917
68874
203872
923034
374160
718910

Process finished with exit code 0

